24 0.3641529782644763 0.07282913165266103 0.8059150489464076 0.07282913165266103 0.8059150489464076 0.2619047619047619 0.3641529782644763 0.2619047619047619
44 0.021968216197841495 0.24742945958871357 0.4798164357950199 0.24742945958871357 0.4798164357950199 0.4447034911525586 0.021968216197841495 0.4447034911525586
25 -9.903034644740072e-17 0.44224796411178685 0.45113452876689053 0.44224796411178685 0.45113452876689053 0.6138809182209469 -9.903034644740072e-17 0.6138809182209469
21 0.5796719639670265 0.24922285987565762 0.9995644599303136 0.24922285987565762 0.9995644599303136 0.5038738644794674 0.5796719639670265 0.5038738644794674
36 0.4383870145321663 0.3634026781444285 0.9004844055409195 0.3634026781444285 0.9004844055409195 0.6090985174557627 0.4383870145321663 0.6090985174557627
13 0.002846944845755162 0.5947513151602104 0.3927084218577378 0.5947513151602104 0.3927084218577378 0.6724653275944524 0.002846944845755162 0.6724653275944524
23 0.04215178040282154 0.6389885222381635 0.442636185943741 0.6389885222381635 0.442636185943741 0.7274629363940698 0.04215178040282154 0.7274629363940698
9 0.6646553921985213 0.701159732185557 0.9982153480071386 0.701159732185557 0.9982153480071386 0.9606049736967958 0.6646553921985213 0.9606049736967958
15 0.5424917141157474 0.7830583452893353 0.8271861986912551 0.7830583452893353 0.8271861986912551 0.9916905786704926 0.5424917141157474 0.9916905786704926
17 0.425639500297442 0.7047465327594453 0.783632191722614 0.7047465327594453 0.783632191722614 0.9109875657580105 0.425639500297442 0.9109875657580105
22 0.3788986147701199 0.6491511238641798 0.7931928273986572 0.6491511238641798 0.7931928273986572 0.7890363462458153 0.3788986147701199 0.7890363462458153
8 0.43626242882637895 0.5702415112386418 0.8038157559275941 0.5702415112386418 0.8038157559275941 0.6533357245337159 0.43626242882637895 0.6533357245337159
