50 0.527778 0.190938 0.231111 0.084375
34 0.714444 0.260937 0.231111 0.103125
22 0.851111 0.390937 0.144444 0.131875
4 0.392778 0.696875 0.416667 0.237500
39 0.188333 0.710625 0.150000 0.101250
3 0.586667 0.653438 0.291111 0.153125
45 0.711667 0.561562 0.130000 0.121875
19 0.560000 0.543750 0.248889 0.068750
16 0.429444 0.467500 0.261111 0.071250
44 0.248889 0.531250 0.128889 0.137500
46 0.421111 0.364687 0.166667 0.065625
28 0.665556 0.390937 0.228889 0.093125
23 0.390556 0.306250 0.121111 0.037500
38 0.479444 0.307812 0.061111 0.040625
29 0.563889 0.314375 0.041111 0.035000
