16 0.16086982109227882 0.18109992937853106 0.22657721280602636 0.05517302259887006
20 0.15057085687382307 0.23406603107344634 0.2707156308851224 0.05296610169491525
24 0.18293903013182686 0.3096530720338983 0.2824858757062147 0.11807026836158192
25 0.8038194444444445 0.2831700211864407 0.2648305084745763 0.06951800847457627
42 0.8119114877589455 0.20703125 0.04855225988700565 0.06069032485875706
46 0.7633592278719399 0.1976518361581921 0.05737994350282486 0.05296610169491525
22 0.13512241054613947 0.5584834039548022 0.20450800376647835 0.1853813559322034
23 0.1954449152542374 0.4536546610169492 0.0720927495291902 0.03089689265536723
21 0.2668020244821093 0.4382062146892655 0.12358757062146893 0.07282838983050847
34 0.8133827683615821 0.4553098516949153 0.24276129943502825 0.1004149011299435
30 0.8016125235404897 0.5253795903954802 0.23393361581920905 0.06179378531073446
26 0.7957274011299436 0.6175185381355932 0.22510593220338984 0.0915872175141243
13 0.3440442561205274 0.7444164901129944 0.16331214689265536 0.05406956214689265
5 0.3491937382297553 0.7841410663841808 0.1530131826741996 0.03862111581920904
1 0.32271068738229763 0.8933836511299436 0.1647834274952919 0.1931055790960452
9 0.7067149246704333 0.9209701624293786 0.126530131826742 0.0937941384180791
8 0.7096574858757063 0.820555261299435 0.11770244821092278 0.11807026836158192
11 0.6140242467043315 0.796830861581921 0.0765065913370998 0.0926906779661017
18 0.5993114406779662 0.5281382415254238 0.12358757062146893 0.05848340395480226
12 0.5485522598870057 0.4586202330508475 0.0926906779661017 0.04744879943502825
