31 0.2248705273069681 0.23185911016949154 0.2986699623352166 0.06620762711864407
35 0.27783662900188333 0.2980667372881356 0.2927848399246704 0.05737994350282486
39 0.24399717514124306 0.3576536016949153 0.3310381355932203 0.04193149717514124
43 0.22634180790960462 0.4492408192090395 0.3310381355932203 0.15227754237288135
44 0.25503177966101703 0.7957274011299436 0.3707627118644068 0.12138064971751412
45 0.2999058380414314 0.691450388418079 0.3428083804143126 0.06951800847457627
46 0.31829684557438803 0.6175185381355932 0.294256120527307 0.07172492937853107
40 0.6736111111111113 0.5066207627118644 0.3222104519774011 0.13682909604519775
3 0.7957274011299436 0.65282927259887 0.19568032015065914 0.0982079802259887
47 0.8957744821092279 0.5568282132768362 0.11034604519774012 0.06069032485875706
