29 0.8156947807371537 0.22984485696350102 0.1395614743072371 0.24213075060532685
22 0.559271589991929 0.15810241233970043 0.17319074522464364 0.12779122948614474
2 0.44997645951035786 0.17211460855528649 0.06221415119720203 0.10873464263294773
28 0.34950901264460593 0.2135907093534212 0.15217245090126447 0.07734732311003498
34 0.2662765671240248 0.1737960721011568 0.17571294054344908 0.0762263474127881
4 0.3125168146354587 0.3027082772845484 0.17907586763518965 0.05829073625683797
8 0.5147128060263655 0.3346560846560846 0.1530131826741996 0.18271903865124203
31 0.6832795264998656 0.3206438884404986 0.1572168415388755 0.08743610438525691
35 0.6673056228140974 0.4646892655367232 0.1706685499058381 0.19392879562371088
16 0.481924266881894 0.6395614743072371 0.10929513048157112 0.3531073446327685
9 0.3263888888888889 0.39911218724778047 0.20009416195856877 0.10761366693570087
27 0.31966303470540763 0.6115370818760649 0.24381221415119717 0.24997758048605506
