48 0.562830687830688 0.01574900793650799 0.8422619047619049 0.01574900793650799
48 0.09986772486772501 0.05915178571428577 0.4090608465608466 0.05915178571428577
35 0.13789682539682563 0.24020337301587308 0.43055555555555564 0.24020337301587308
39 0.15277777777777787 0.4460565476190476 0.4652777777777779 0.4460565476190476
43 0.16931216931216944 0.6357886904761905 0.4503968253968254 0.6357886904761905
47 0.17592592592592604 0.8093998015873015 0.466931216931217 0.8093998015873015
19 0.5496031746031748 0.2203621031746032 0.8455687830687832 0.2203621031746032
23 0.5694444444444445 0.4262152777777778 0.8587962962962964 0.4262152777777778
27 0.5727513227513228 0.6159474206349206 0.8587962962962964 0.6159474206349206
31 0.5677910052910055 0.7833581349206349 0.8273809523809523 0.7833581349206349
