38 0.5950582935877053 0.6318391562294001 0.8143216746157923 0.6318391562294001
18 0.5493508214096449 0.5317826537338733 0.7308558558558559 0.5317826537338733
19 0.5135797562268151 0.47174875223655716 0.6659379968203498 0.47174875223655716
1 0.45859830418653946 0.4552688577078821 0.5837970323264441 0.4552688577078821
2 0.3512851086380498 0.4540917223844053 0.47780869104398516 0.4540917223844053
1 0.23867249602543716 0.5129484885582447 0.43541335453100155 0.5129484885582447
20 0.1783916269210387 0.6859873811093323 0.42348966613672495 0.6859873811093323
41 0.43740063593004763 0.09388831340050852 0.6434154742978272 0.09388831340050852
37 0.43740063593004763 0.03856295319709953 0.5367647058823529 0.03856295319709953
5 0.37115792262851083 0.03856295319709953 0.4407127715951245 0.03856295319709953
24 0.32743773184949654 0.02208305866842451 0.39765500794912556 0.02208305866842451
14 0.23072337042925278 0.0762312835483567 0.355259671436142 0.0762312835483567
