39 0.6379210220673635 0.6739028944911298 0.9386510701841709 0.6739028944911298
43 0.34341297494607576 0.6774042950513539 0.6296250207400031 0.6774042950513539
47 0.024016923842707504 0.6832399626517274 0.32267297162767516 0.6832399626517274
37 0.6441430230628834 0.5466853408029878 0.9262070681931307 0.5466853408029878
41 0.3413389746142358 0.5466853408029878 0.6275510204081631 0.5466853408029878
45 0.036460925833747965 0.550186741363212 0.3288949726231953 0.550186741363212
36 0.6441430230628834 0.4147992530345472 0.932429069188651 0.4147992530345472
40 0.3351169736187156 0.42063492063492064 0.6213290194126428 0.42063492063492064
44 0.036460925833747965 0.4253034547152194 0.3351169736187156 0.4253034547152194
38 0.6482910237265638 0.2945845004668534 0.9365770698523309 0.2945845004668534
42 0.34548697527791594 0.30275443510737626 0.6254770200763232 0.30275443510737626
46 0.053052928488468376 0.30392156862745096 0.33719097395055564 0.30392156862745096
