1 0.07704027556968732 0.3363781900367266 0.23933492315845253 0.3363781900367266
6 0.4837705352411234 0.6200678029946324 0.6420906200317965 0.6200678029946324
40 0.3983174350821409 0.40465203879838024 0.5705484896661367 0.40465203879838024
47 0.606981981981982 0.3693379790940767 0.7878245892951776 0.3693379790940767
8 0.4764838367779544 0.31401261889066767 0.6242050874403815 0.31401261889066767
13 0.6116189719130896 0.2033618984838497 0.7341679915209327 0.2033618984838497
36 0.500993640699523 0.15274507957434785 0.6155935347111818 0.15274507957434785
23 0.3830816110227874 0.16333929748563894 0.5149046104928457 0.16333929748563894
15 0.5632617912029677 0.07034560693097278 0.6824986751457339 0.07034560693097278
45 0.43938791732909377 0.02679159996233166 0.5566375198728141 0.02679159996233166
