13 0.304054054054054 0.17736486486486489 0.4189189189189189 0.2736486486486487
1 0.31306306306306303 0.33277027027027023 0.47522522522522515 0.34797297297297297
47 0.029279279279279345 0.41722972972972966 0.20495495495495505 0.40709459459459457
20 0.831081081081081 0.48141891891891886 0.9662162162162161 0.48141891891891886
11 0.27477477477477485 0.5861486486486487 0.2657657657657658 0.7077702702702703
5 0.24774774774774774 0.714527027027027 0.42342342342342343 0.7195945945945945
37 0.47972972972972966 0.7972972972972973 0.6554054054054054 0.7956081081081081
31 0.6621621621621622 0.47972972972972966 0.8355855855855856 0.47972972972972966
35 0.4977477477477477 0.2719594594594595 0.6576576576576576 0.2719594594594595
33 0.8558558558558559 0.375 0.7387387387387387 0.46790540540540543
