13 0.19062752829546029 0.5056253170607358 0.2088015836877078 0.12155973386967546
12 0.3113603252000358 0.48252276559825913 0.08062635409723366 0.08465767180209532
36 0.35684185828052667 0.4615909236691698 0.058299056039538326 0.07256371868751038
7 0.7465359030838229 0.4400388790162553 0.19350324983336095 0.09644152355476798
31 0.6402745030684944 0.4558540484737897 0.06780883113818618 0.06915260370647353
22 0.5906582851625045 0.4612808223072573 0.050443154871089815 0.07008290779221085
37 0.16132822821280515 0.7970066910571019 0.27301700159090103 0.11214279278207187
32 0.3172082235778983 0.7684034686066138 0.07264310463615985 0.10124632708664805
8 0.36896643563116227 0.780434982811978 0.06477343496724267 0.1180450450337598
34 0.6513130977464324 0.8369603986069898 0.0496394548347093 0.1184990644377359
28 0.8271699468864696 0.7606851387390219 0.251224070200053 0.10941867635821595
4 0.7920591129789923 0.8079031567525259 0.2935992145711465 0.11123475397411994
