27 0.25681136410705513 0.43553727936322434 0.17926553989984473 0.0806740268633893
39 0.373939776171466 0.4187679591725197 0.04894828596205656 0.0661708310227801
33 0.4177515136066401 0.41967440891255786 0.041092388215059755 0.06345148180266591
11 0.8656702920467706 0.37705195543553366 0.19361488632364954 0.0731684163432395
25 0.7378444433240512 0.3764891214636626 0.06203681112178927 0.060035623666247914
0 0.6815610461369437 0.38755818957712707 0.06253710798567483 0.06416307279330233
5 0.8914355805368686 0.6638440046573506 0.21712883892626295 0.10643190179064284
9 0.7418468182351343 0.6888619758521084 0.0700415609439557 0.09568177521808252
26 0.6935681708701932 0.7076231082478108 0.04452642088580049 0.10543756406384773
22 0.3084330165853485 0.6869858626125382 0.20762319851244063 0.11594379820544112
13 0.2428941274163612 0.7121257800227795 0.20962438596798216 0.1166942435012693
12 0.17185197274463454 0.7367028634611497 0.2506487288065849 0.0900534354993718
