19 0.1475503833561873 0.7476790439604661 0.19019550197296156 0.1448173360131081
10 0.2811007032198103 0.7231810363693838 0.07277045292878526 0.09706172627859275
20 0.3526307507009458 0.7225608336455588 0.06780883113818628 0.09520111810711838
35 0.8666708857745411 0.7319818689449513 0.24964813507881403 0.16134573860304116
2 0.7053251471715 0.7327323142407794 0.0900534354993718 0.10206056023262136
21 0.6310310628845183 0.7394863219032325 0.05853473307459154 0.10131011493679325
18 0.2090473525503845 0.4889442780877249 0.2038399618971088 0.12683145702218673
38 0.32461179342308616 0.47855588246365827 0.07525126382408477 0.09861223308815503
28 0.3717472004337766 0.4678573854776792 0.064501083277787 0.0710132118779481
17 0.7829526290574015 0.4125880107259337 0.18523388018236248 0.06295057646822479
1 0.6709026702863742 0.4065410341686411 0.03638522646439256 0.07194351596368548
16 0.6347241780632565 0.4284031801834679 0.046721938528140466 0.07473442822089738
