43 0.09859913793103445 0.1695402298850575 0.23653017241379307 0.1695402298850575
15 0.22144396551724135 0.10201149425287358 0.3938577586206896 0.10201149425287358
12 0.40140086206896547 0.10057471264367818 0.5457974137931034 0.10057471264367818
4 0.5468749999999999 0.04597701149425288 0.6945043103448276 0.04597701149425288
22 0.732219827586207 0.005747126436781609 0.8970905172413793 0.005747126436781609
41 0.10183189655172409 0.4454022988505747 0.22575431034482754 0.4454022988505747
13 0.22790948275862064 0.4640804597701149 0.3561422413793103 0.4640804597701149
14 0.3690732758620689 0.40660919540229884 0.5360991379310345 0.40660919540229884
7 0.5447198275862069 0.39655172413793105 0.6977370689655173 0.39655172413793105
20 0.7052801724137931 0.3635057471264368 0.8798491379310346 0.3635057471264368
