45 0.16589506172839502 0.037037037037037035 0.3634259259259258 0.037037037037037035
5 0.14737654320987653 0.2013888888888889 0.4112654320987653 0.2013888888888889
47 0.6350308641975307 0.09722222222222221 0.8742283950617282 0.09722222222222221
7 0.6412037037037037 0.20949074074074073 0.908179012345679 0.20949074074074073
39 0.6165123456790123 0.42245370370370366 0.8695987654320986 0.42245370370370366
12 0.5995370370370371 0.5439814814814814 0.9128086419753086 0.5439814814814814
17 0.18132716049382708 0.4988425925925926 0.4683641975308642 0.4988425925925926
16 0.1134259259259258 0.5590277777777777 0.42206790123456783 0.5590277777777777
15 0.136574074074074 0.7465277777777777 0.4344135802469135 0.7465277777777777
9 0.44521604938271603 0.7152777777777777 0.718364197530864 0.7152777777777777
22 0.5254629629629629 0.818287037037037 0.8248456790123455 0.818287037037037
