10 0.06901041666666669 0.12847222222222224 0.2651909722222222 0.12847222222222224
45 0.2764756944444444 0.09027777777777779 0.48046875000000006 0.09027777777777779
18 0.4032118055555556 0.09143518518518519 0.599392361111111 0.09143518518518519
41 0.49348958333333337 0.025462962962962965 0.65234375 0.025462962962962965
40 0.6124131944444445 0.13541666666666666 0.8407118055555557 0.13541666666666666
20 0.7078993055555557 0.21759259259259256 0.9587673611111112 0.21759259259259256
47 0.7582465277777777 0.5798611111111112 0.9396701388888888 0.5798611111111112
25 0.595920138888889 0.5451388888888888 0.7625868055555557 0.5451388888888888
46 0.44401041666666663 0.48263888888888884 0.6453993055555557 0.48263888888888884
5 0.35807291666666674 0.4733796296296296 0.5551215277777778 0.4733796296296296
42 0.16623263888888892 0.5115740740740741 0.34244791666666674 0.5115740740740741
