21 0.11588541666666664 0.36226851851851855 0.2764756944444444 0.36226851851851855
41 0.20095486111111113 0.16087962962962965 0.3702256944444444 0.16087962962962965
42 0.35546875 0.03587962962962963 0.5091145833333334 0.03587962962962963
5 0.4874131944444445 0.0462962962962963 0.7217881944444445 0.0462962962962963
22 0.634982638888889 0.1400462962962963 0.8120659722222223 0.1400462962962963
0 0.7356770833333335 0.14467592592592593 0.9526909722222223 0.14467592592592593
16 0.6896701388888888 0.4664351851851851 0.8537326388888888 0.4664351851851851
37 0.5186631944444445 0.42592592592592593 0.6844618055555557 0.42592592592592593
10 0.38932291666666674 0.35185185185185186 0.556857638888889 0.35185185185185186
18 0.2547743055555556 0.4421296296296296 0.43446180555555564 0.4421296296296296
