47 0.11959876543209863 0.1400462962962963 0.3418209876543209 0.1400462962962963
27 0.5146604938271604 0.04050925925925926 0.7878086419753086 0.04050925925925926
3 0.5501543209876543 0.1261574074074074 0.8078703703703702 0.1261574074074074
11 0.13966049382716042 0.3703703703703704 0.35262345679012347 0.3703703703703704
13 0.13040123456790118 0.5763888888888888 0.44830246913580246 0.5763888888888888
0 0.0902777777777778 0.6400462962962962 0.4606481481481481 0.6400462962962962
38 0.5146604938271604 0.2986111111111111 0.8418209876543209 0.2986111111111111
23 0.5285493827160493 0.38773148148148145 0.8541666666666666 0.38773148148148145
2 0.5331790123456789 0.5879629629629629 0.8649691358024693 0.5879629629629629
26 0.5254629629629629 0.7291666666666665 0.8310185185185184 0.7291666666666665
16 0.49922839506172834 0.8541666666666665 0.8080842151675487 0.8541666666666665
