16 0.5902777777777776 0.16666666666666663 0.8202160493827161 0.16666666666666663
26 0.5733024691358024 0.2650462962962963 0.8248456790123455 0.2650462962962963
0 0.5208333333333333 0.3668981481481481 0.7754629629629629 0.3668981481481481
45 0.5439814814814814 0.5289351851851851 0.7662037037037037 0.5289351851851851
7 0.5717592592592592 0.6469907407407406 0.8078703703703702 0.6469907407407406
11 0.12114197530864193 0.2708333333333333 0.37422839506172834 0.2708333333333333
43 0.17361111111111113 0.375 0.3912037037037037 0.375
13 0.21836419753086422 0.5219907407407407 0.4575617283950617 0.5219907407407407
21 0.18749999999999992 0.6145833333333333 0.4544753086419753 0.6145833333333333
17 0.14583333333333323 0.7754629629629629 0.40354938271604934 0.7754629629629629
47 0.36959876543209863 0.7627314814814814 0.5563271604938271 0.7627314814814814
