39 0.11241319444444443 0.08912037037037038 0.31467013888888895 0.08912037037037038
46 0.2886284722222222 0.06018518518518519 0.5039062500000001 0.06018518518518519
17 0.43185763888888895 0.22337962962962962 0.6783854166666665 0.22337962962962962
14 0.5907118055555557 0.07175925925925926 0.76953125 0.07175925925925926
3 0.7790798611111112 0.17824074074074076 0.9509548611111112 0.17824074074074076
6 0.6280381944444445 0.32638888888888884 0.91015625 0.32638888888888884
26 0.7087673611111112 0.5868055555555555 0.92578125 0.5868055555555555
27 0.41970486111111116 0.5138888888888888 0.6592881944444445 0.5138888888888888
15 0.22960069444444442 0.43171296296296297 0.5117187500000001 0.43171296296296297
13 0.05772569444444446 0.4351851851851851 0.2660590277777778 0.4351851851851851
