21 0.12456597222222221 0.0925925925925926 0.2842881944444444 0.0925925925925926
37 0.25564236111111116 0.22222222222222218 0.45095486111111105 0.22222222222222218
14 0.33029513888888895 0.14351851851851852 0.5473090277777778 0.14351851851851852
24 0.5082465277777778 0.03587962962962963 0.6749131944444445 0.03587962962962963
23 0.5577256944444445 0.14583333333333334 0.7200520833333335 0.14583333333333334
47 0.7009548611111112 0.1400462962962963 0.8615451388888888 0.1400462962962963
1 0.7608506944444445 0.4131944444444444 0.9353298611111112 0.4131944444444444
2 0.70703125 0.6782407407407408 0.8667534722222223 0.6782407407407408
3 0.5394965277777778 0.6840277777777778 0.7105034722222223 0.6840277777777778
27 0.3641493055555556 0.6678240740740741 0.521267361111111 0.6678240740740741
9 0.5004340277777778 0.3645833333333333 0.6766493055555557 0.3645833333333333
15 0.1566840277777778 0.4525462962962963 0.3207465277777778 0.4525462962962963
