19 0.413333 0.682813 0.411111 0.246875
22 0.189444 0.70875 0.158889 0.0925
34 0.728333 0.574375 0.158889 0.155
36 0.532222 0.539062 0.277778 0.078125
11 0.248889 0.5325 0.122222 0.145
9 0.431111 0.454375 0.264444 0.0925
27 0.566667 0.472813 0.231111 0.060625
3 0.725 0.464687 0.103333 0.071875
40 0.688333 0.384688 0.272222 0.105625
15 0.831111 0.381563 0.102222 0.121875
47 0.42 0.365 0.191111 0.07
28 0.385 0.305625 0.132222 0.03625
10 0.528333 0.190938 0.236667 0.090625
41 0.712222 0.265937 0.255556 0.093125
