46 0.07708333333333334 0.2359375 0.28541666666666665 0.2359375
42 0.07291666666666667 0.1875 0.29791666666666666 0.1875
23 0.40347222222222223 0.2375 0.6020833333333333 0.2375
40 0.4048611111111111 0.18203125 0.6243055555555556 0.18203125
11 0.7159722222222222 0.228125 0.9368055555555556 0.228125
6 0.73125 0.171875 0.9493055555555555 0.171875
44 0.76875 0.49921875 0.9729166666666667 0.49921875
2 0.6229166666666667 0.503125 0.7618055555555555 0.503125
15 0.052083333333333336 0.47421875 0.25069444444444444 0.47421875
27 0.25625 0.484375 0.31319444444444444 0.484375
21 0.33402777777777776 0.49453125 0.5895833333333333 0.49453125
