18 0.5604166666666667 0.08671875 0.8465277777777778 0.08671875
4 0.7229166666666667 0.175 0.8868055555555555 0.175
12 0.5534722222222223 0.2515625 0.9006944444444445 0.2515625
43 0.011805555555555555 0.28125 0.25763888888888886 0.28125
37 0.2423611111111111 0.33671875 0.42986111111111114 0.33671875
0 0.02847222222222222 0.4765625 0.49375 0.4765625
26 0.5298611111111111 0.4484375 0.7590277777777777 0.4484375
6 0.75625 0.51171875 0.8993055555555556 0.51171875
27 0.7756944444444445 0.60546875 0.9368055555555556 0.60546875
27 0.5548611111111111 0.66171875 0.9076388888888889 0.66171875
