1 0.7979166666666667 0.28203125 0.9965277777777778 0.28203125
5 0.6243055555555556 0.18046875 0.7965277777777777 0.18046875
13 0.3284722222222222 0.196875 0.4701388888888889 0.196875
41 0.17708333333333334 0.25 0.3229166666666667 0.25
45 0.007638888888888889 0.23046875 0.17430555555555555 0.23046875
17 0.1423611111111111 0.4203125 0.4270833333333333 0.4203125
9 0.4673611111111111 0.353125 0.7326388888888888 0.353125
21 0.7743055555555556 0.4890625 0.9826388888888888 0.4890625
25 0.3909722222222222 0.53203125 0.6701388888888888 0.53203125
37 0.36180555555555555 0.63515625 0.5326388888888889 0.63515625
