2 0.4576388888888889 0.18671875 0.6826388888888889 0.18671875
46 0.17291666666666666 0.18984375 0.4423611111111111 0.18984375
6 0.025694444444444443 0.2328125 0.17152777777777778 0.2328125
26 0.13125 0.44921875 0.3284722222222222 0.44921875
10 0.35347222222222224 0.34296875 0.5381944444444444 0.34296875
14 0.83125 0.35078125 0.9923611111111111 0.35078125
18 0.7368055555555556 0.3484375 0.8090277777777778 0.3484375
22 0.6270833333333333 0.3609375 0.7381944444444445 0.3609375
38 0.6118055555555556 0.49609375 0.7923611111111111 0.49609375
42 0.5145833333333333 0.50859375 0.6173611111111111 0.50859375
