19 0.17055722891566266 0.1134538152610442 0.4011671686746988 0.1134538152610442
13 0.4039909638554217 0.11512717536813924 0.4642319277108434 0.11512717536813924
32 0.4708207831325302 0.13186077643908972 0.5178840361445783 0.13186077643908972
45 0.580948795180723 0.1469210174029451 0.8002635542168675 0.1469210174029451
25 0.8143825301204819 0.16198125836680052 0.8830948795180722 0.16198125836680052
27 0.886859939759036 0.15863453815261047 0.9489834337349397 0.15863453815261047
23 0.19503012048192775 0.5485274431057563 0.4162274096385542 0.5485274431057563
47 0.4256400602409639 0.5652610441767068 0.49058734939759036 0.5652610441767068
12 0.5658885542168675 0.5819946452476572 0.7983810240963856 0.5819946452476572
6 0.7983810240963856 0.5987282463186077 0.8915662650602408 0.5987282463186077
