47 0.05763888888888889 0.1640625 0.20208333333333334 0.1640625
10 0.2048611111111111 0.15859375 0.32430555555555557 0.15859375
16 0.3506944444444444 0.18359375 0.4895833333333333 0.18359375
23 0.5770833333333333 0.265625 0.7034722222222223 0.265625
45 0.7159722222222222 0.26328125 0.9270833333333334 0.26328125
45 0.7243055555555555 0.26875 0.7979166666666667 0.26875
46 0.8215277777777777 0.29921875 0.9756944444444444 0.29921875
14 0.08958333333333333 0.50234375 0.4826388888888889 0.50234375
5 0.052083333333333336 0.4421875 0.15902777777777777 0.4421875
25 0.0006944444444444445 0.3828125 0.09930555555555555 0.3828125
42 0.5131944444444444 0.4984375 0.69375 0.4984375
13 0.5395833333333333 0.55 0.7020833333333333 0.55
19 0.55625 0.59296875 0.8979166666666667 0.59296875
