48 0.5006510416666667 0.4166666666666667 0.587890625 0.4166666666666667
33 0.3587239583333333 0.4010416666666667 0.4446614583333333 0.4010416666666667
12 0.027994791666666675 0.6302083333333334 0.107421875 0.6302083333333334
11 0.11263020833333333 0.6354166666666666 0.23893229166666669 0.6354166666666666
1 0.2819010416666667 0.6319444444444445 0.3639322916666667 0.6319444444444445
20 0.4225260416666667 0.6354166666666666 0.5071614583333333 0.6354166666666666
43 0.5618489583333333 0.6319444444444445 0.6373697916666667 0.6319444444444445
27 0.6712239583333333 0.6475694444444445 0.7597656250000001 0.6475694444444445
29 0.7805989583333333 0.6458333333333334 0.8678385416666667 0.6458333333333334
8 0.8834635416666667 0.6354166666666666 0.9694010416666667 0.6354166666666666
