13 0.22800925925925927 0.19791666666666669 0.38078703703703703 0.19791666666666669
20 0.29976851851851855 0.2552083333333333 0.4270833333333333 0.2552083333333333
47 0.12847222222222227 0.2777777777777778 0.35763888888888895 0.2777777777777778
11 0.19791666666666666 0.607638888888889 0.45254629629629634 0.607638888888889
30 0.7997685185185185 0.6059027777777778 0.8391203703703703 0.6059027777777778
34 0.755787037037037 0.6024305555555556 0.8020833333333335 0.6024305555555556
32 0.5636574074074076 0.625 0.7581018518518517 0.625
48 0.6655092592592594 0.3559027777777778 0.8715277777777778 0.3559027777777778
33 0.6655092592592594 0.30729166666666663 0.8553240740740742 0.30729166666666663
25 0.6793981481481483 0.27604166666666663 0.8599537037037037 0.27604166666666663
