38 0.21643518518518523 0.21354166666666666 0.3229166666666667 0.21354166666666666
41 0.3043981481481482 0.19791666666666669 0.39467592592592593 0.19791666666666669
46 0.35069444444444453 0.24652777777777776 0.5034722222222222 0.24652777777777776
6 0.4710648148148149 0.5625 0.6770833333333335 0.5625
35 0.17013888888888892 0.5086805555555556 0.3206018518518519 0.5086805555555556
39 0.1400462962962963 0.5503472222222222 0.32523148148148157 0.5503472222222222
10 0.15856481481481488 0.5954861111111112 0.32754629629629634 0.5954861111111112
45 0.7372685185185185 0.22569444444444442 0.8784722222222222 0.22569444444444442
16 0.7395833333333335 0.2534722222222222 0.8854166666666667 0.2534722222222222
37 0.7210648148148149 0.2864583333333333 0.8344907407407408 0.2864583333333333
